8616     1103 8 
9048     1102 8 
8380     1099 8 
8812     1101 8 
8624     1103 8 
9056     1102 8 
8388     1103 8 
8632     1102 8 
9064     1100 8 
8396     1102 8 
8828     1102 8 
8638     1102 8 
9070     1103 8 
7586     1114 9 
7350     1109 8 
7782     1112 9 
7594     1116 8 
7358     1109 8 
7790     1112 8 
7602     1116 8 
8034     1118 8 
8204     1107 9 
8014     1113 8 
8377     1102 8 
8809     1099 8 
8621     1100 9 
9053     1103 8 
8385     1101 8 
8629     1103 8 
9061     1103 8 
8393     1103 8 
8825     1102 8 
8637     1103 8 
9069     1103 8 
8399     1101 8 
8831     1101 8 
7347     1101 8 
7779     1113 8 
7591     1112 8 
7355     1108 9 
7787     1112 8 
8031     1116 8 
7795     1116 8 
7581     1116 8 
8013     1112 9 
7775     1106 8 
8207     1111 8 
