8616     1072 8 
9048     1072 8 
8380     1071 8 
8812     1074 8 
8624     1075 8 
9056     1076 8 
8388     1074 8 
8632     1075 8 
9064     1074 8 
8396     1076 8 
8828     1072 8 
8638     1072 8 
9070     1076 8 
7586     1059 8 
7350     1083 8 
7782     1061 8 
7594     1061 8 
7358     1079 8 
7790     1057 9 
7602     1062 8 
8034     1063 8 
8204     1079 8 
7582     1060 9 
8014     1063 8 
8377     1070 8 
8809     1068 8 
8621     1067 8 
9053     1072 8 
8385     1073 8 
8629     1075 8 
9061     1072 8 
8393     1076 8 
8825     1075 8 
8637     1075 8 
9069     1074 8 
8399     1076 8 
8831     1077 8 
7347     1077 8 
7591     1059 8 
7355     1080 9 
7787     1083 8 
8031     1060 8 
7363     1062 8 
7795     1063 8 
7581     1062 8 
8013     1059 8 
8207     1080 8 
