8616     1099 8 
9048     1098 8 
8380     1099 8 
8812     1098 8 
8624     1100 8 
9056     1100 9 
8388     1097 8 
8632     1102 8 
9064     1097 8 
8396     1102 8 
8828     1099 8 
8638     1101 8 
9070     1102 8 
7586     1108 8 
7350     1105 8 
7782     1104 8 
7594     1109 8 
7358     1104 9 
7790     1106 8 
7602     1111 8 
7772     1107 8 
8204     1103 9 
8014     1108 9 
8377     1098 8 
8809     1098 8 
8621     1099 8 
9053     1102 8 
8385     1101 8 
8629     1102 8 
9061     1100 9 
8393     1103 8 
8825     1100 8 
8637     1101 8 
9069     1099 8 
8399     1100 8 
8831     1102 8 
7347     1103 8 
7779     1105 8 
7591     1108 8 
7355     1105 8 
7787     1107 8 
8031     1109 8 
7363     1106 8 
7581     1108 8 
8013     1108 8 
7775     1107 8 
8207     1106 8 
