8616     1096 8 
9048     1096 8 
8380     1095 8 
8812     1097 8 
8624     1096 9 
9056     1099 8 
8388     1096 9 
8632     1099 8 
9064     1094 8 
8396     1097 8 
8828     1096 8 
8638     1096 8 
9070     1099 8 
7586     1088 8 
7350     1092 8 
7594     1088 8 
7358     1090 8 
7790     1089 8 
7602     1090 8 
8204     1089 8 
8014     1089 8 
8377     1095 8 
8809     1095 8 
8621     1093 8 
9053     1095 8 
8385     1097 8 
8629     1098 8 
9061     1096 8 
8393     1100 8 
8825     1098 8 
8637     1096 8 
9069     1095 8 
8399     1099 8 
8831     1096 8 
7347     1094 8 
7591     1087 8 
7787     1089 8 
8031     1087 8 
7363     1094 8 
7795     1090 8 
7581     1088 8 
8013     1090 8 
7775     1091 8 
8207     1088 8 
