8616     1079 8 
9048     1077 8 
8380     1079 8 
8812     1078 8 
8624     1079 8 
9056     1079 8 
8388     1081 8 
8632     1078 8 
9064     1079 8 
8396     1079 8 
8828     1079 8 
8638     1080 8 
9070     1080 8 
7586     1083 8 
7350     1084 9 
7782     1081 8 
7594     1084 8 
7358     1084 8 
7790     1082 8 
7602     1086 8 
8034     1085 8 
7772     1081 8 
8204     1081 8 
7582     1084 8 
8014     1084 8 
8377     1079 8 
8809     1088 8 
8621     1092 8 
9053     1077 8 
8385     1079 8 
8629     1080 8 
9061     1079 8 
8393     1078 8 
8825     1081 8 
8637     1079 8 
9069     1079 8 
8399     1078 8 
8831     1080 8 
7347     1083 8 
7779     1081 8 
7591     1083 8 
7355     1079 8 
7787     1086 8 
8031     1088 9 
7363     1083 8 
7795     1084 8 
7581     1085 9 
8013     1084 8 
7775     1083 8 
8207     1082 8 
