8616     1100 8 
9048     1103 8 
8380     1100 8 
8812     1098 8 
8624     1102 8 
9056     1103 8 
8388     1102 8 
8632     1103 8 
9064     1101 8 
8396     1103 8 
8828     1102 8 
8638     1100 8 
9070     1102 8 
7586     1112 9 
7350     1107 8 
7594     1113 8 
7358     1110 8 
7790     1112 8 
7602     1116 8 
8204     1109 8 
8014     1113 8 
8377     1098 8 
8809     1100 8 
8621     1100 9 
9053     1102 8 
8385     1102 8 
8629     1105 8 
9061     1100 8 
8393     1102 8 
8825     1103 8 
8637     1101 8 
9069     1102 8 
8399     1102 8 
8831     1102 8 
7347     1101 8 
7779     1111 8 
7591     1112 8 
7355     1109 8 
8031     1115 8 
7363     1110 8 
7581     1115 8 
8013     1114 8 
7775     1109 8 
8207     1111 9 
