8616     1070 8 
9048     1071 8 
8380     1071 8 
8812     1068 8 
8624     1072 8 
9056     1073 9 
8388     1069 8 
8632     1072 8 
9064     1068 9 
8396     1073 8 
8828     1072 8 
8638     1069 8 
9070     1073 8 
7586     1071 8 
7350     1067 9 
7782     1068 8 
7594     1069 8 
7358     1064 9 
7790     1068 8 
7602     1071 8 
8034     1072 8 
8204     1065 8 
7582     1070 9 
8014     1068 8 
8377     1068 8 
8809     1068 8 
8621     1069 8 
9053     1072 8 
8385     1071 8 
8629     1072 8 
9061     1070 8 
8393     1056 8 
8825     1072 8 
8637     1070 8 
9069     1071 8 
8399     1072 8 
8831     1072 8 
7347     1064 9 
7779     1068 8 
7591     1068 9 
7355     1066 8 
7787     1070 8 
8031     1071 8 
7363     1069 8 
7795     1071 8 
7581     1071 8 
8013     1070 8 
7775     1067 8 
8207     1066 8 
