8616     1075 8 
9048     1071 8 
8380     1071 8 
8812     1072 8 
8624     1073 8 
9056     1055 8 
8388     1071 8 
8632     1076 8 
9064     1068 8 
8396     1075 8 
8828     1072 8 
8638     1072 8 
9070     1076 8 
7586     1059 8 
7350     1059 8 
7782     1057 8 
7594     1061 8 
7358     1058 8 
7790     1061 8 
7602     1063 8 
8034     1064 8 
8204     1056 8 
7582     1060 9 
8014     1060 8 
8377     1068 8 
8809     1068 9 
8621     1067 8 
9053     1072 8 
8385     1074 8 
8629     1053 8 
9061     1073 10
8393     1076 8 
8825     1072 9 
8637     1071 8 
9069     1072 8 
8399     1054 8 
8831     1076 8 
7779     1058 8 
7591     1059 8 
7355     1061 8 
7787     1058 8 
8031     1061 8 
7363     1063 8 
7795     1061 8 
7581     1061 8 
8013     1061 8 
7775     1058 8 
8207     1059 8 
