8616     1051 8 
9048     1053 8 
8380     1052 8 
8812     1053 8 
8624     1053 8 
9056     1053 8 
8388     1054 8 
8632     1053 8 
9064     1051 8 
8396     1053 8 
8828     1051 8 
8638     1054 8 
9070     1055 8 
7586     1068 9 
7350     1064 8 
7594     1050 8 
7358     1064 8 
7602     1053 8 
8034     1051 8 
8204     1064 8 
8014     1051 8 
8377     1050 8 
8809     1051 8 
8621     1051 8 
9053     1053 8 
8385     1053 8 
8629     1055 8 
9061     1054 8 
8393     1053 8 
8825     1054 8 
8637     1051 8 
9069     1053 8 
8399     1053 8 
8831     1054 8 
7347     1062 8 
7591     1051 8 
7355     1064 8 
7787     1065 8 
8031     1051 8 
7363     1051 8 
7795     1051 8 
7581     1050 8 
8013     1053 8 
