8616     1072 8 
9048     1067 8 
8380     1072 8 
8812     1071 8 
8624     1073 8 
9056     1074 8 
8388     1074 8 
8632     1075 8 
9064     1071 8 
8396     1076 8 
8828     1073 8 
8638     1072 8 
9070     1076 8 
7586     1083 8 
7350     1076 8 
7782     1064 8 
7594     1065 8 
7358     1079 8 
7790     1066 8 
7602     1065 8 
8034     1066 8 
8204     1080 8 
8014     1065 8 
8377     1071 8 
8809     1070 8 
8621     1069 8 
9053     1073 8 
8385     1074 8 
8629     1075 8 
9061     1072 8 
8393     1076 8 
8825     1075 8 
8637     1073 8 
9069     1072 8 
8399     1075 8 
8831     1075 8 
7347     1076 8 
7779     1082 8 
7591     1083 8 
7355     1080 8 
7787     1066 8 
8031     1063 8 
7363     1080 8 
7795     1067 8 
7581     1066 8 
8013     1065 8 
8207     1080 8 
