8616     1072 9 
9048     1072 8 
8380     1072 8 
8812     1073 9 
8624     1075 8 
9056     1077 9 
8388     1073 8 
8632     1076 8 
9064     1071 8 
8396     1075 8 
8828     1074 8 
8638     1072 8 
9070     1079 8 
7586     1064 8 
7350     1086 8 
7594     1084 8 
7358     1083 8 
7790     1086 8 
7602     1064 8 
8034     1065 8 
8204     1079 8 
7582     1087 8 
8014     1064 8 
8377     1073 8 
8809     1070 8 
8621     1070 9 
9053     1074 8 
8385     1075 8 
8629     1077 8 
9061     1076 8 
8393     1078 8 
8825     1075 8 
8637     1073 8 
9069     1076 8 
8399     1075 8 
8831     1077 8 
7347     1082 8 
7779     1083 8 
7591     1084 8 
7355     1084 8 
7787     1084 9 
8031     1064 8 
7363     1066 8 
7795     1064 8 
7581     1065 8 
8013     1065 8 
8207     1083 8 
