8616     1101 8 
9048     1099 8 
8380     1101 8 
8812     1100 9 
8624     1102 8 
9056     1101 8 
8388     1100 8 
8632     1101 8 
9064     1099 8 
8396     1101 8 
8828     1102 8 
8638     1100 9 
9070     1101 8 
7586     1112 8 
7350     1106 8 
7358     1108 8 
7790     1095 8 
7602     1096 8 
8204     1109 8 
8014     1095 8 
8377     1098 8 
8809     1097 8 
8621     1099 8 
9053     1101 8 
8385     1101 8 
8629     1103 8 
9061     1102 8 
8393     1102 8 
8825     1101 8 
8637     1098 8 
9069     1100 9 
8399     1101 8 
8831     1101 8 
7347     1100 8 
7779     1110 8 
7591     1112 9 
7355     1108 9 
8031     1095 8 
7795     1097 8 
8013     1097 8 
7775     1108 8 
8207     1110 8 
