8616     1072 8 
9048     1072 8 
8380     1068 9 
8812     1068 8 
8624     1072 8 
9056     1055 8 
8388     1070 8 
8632     1058 8 
9064     1068 8 
8396     1056 8 
8828     1074 8 
8638     1069 8 
9070     1057 8 
7586     1069 8 
7350     1065 8 
7782     1067 8 
7594     1070 8 
7358     1064 9 
7790     1068 8 
7602     1070 8 
8034     1072 8 
8204     1067 8 
8014     1068 8 
8377     1068 8 
8809     1068 9 
8621     1068 9 
9053     1071 8 
8385     1072 8 
8629     1056 8 
9061     1067 8 
8393     1056 8 
8825     1072 8 
8637     1072 8 
9069     1072 8 
8399     1055 8 
8831     1055 8 
7347     1062 8 
7779     1068 8 
7591     1068 8 
8023     1064 9 
7355     1064 8 
7787     1068 9 
8031     1072 8 
7363     1067 8 
7581     1072 9 
8013     1068 8 
7775     1064 8 
8207     1066 9 
