8616     1053 8 
9048     1053 8 
8380     1053 8 
8812     1053 8 
8624     1053 8 
9056     1055 8 
8388     1054 8 
8632     1053 8 
9064     1068 8 
8396     1055 8 
8828     1054 8 
8638     1054 8 
9070     1055 8 
7586     1068 8 
7350     1065 8 
7358     1064 9 
7790     1067 8 
7602     1053 8 
8034     1051 8 
8204     1066 8 
8014     1068 9 
8377     1066 8 
8809     1064 9 
8621     1068 8 
9053     1053 8 
8385     1054 8 
8629     1056 8 
9061     1053 8 
8393     1054 8 
8825     1053 8 
8637     1054 8 
9069     1053 8 
8399     1054 8 
8831     1053 8 
7347     1061 8 
7779     1065 8 
7591     1068 8 
7355     1065 8 
7787     1066 8 
8031     1050 8 
7363     1068 8 
7795     1051 8 
8013     1053 8 
7775     1064 9 
8207     1066 8 
