8616     1099 8 
9048     1100 8 
8380     1100 8 
8812     1098 8 
8624     1099 8 
9056     1101 8 
8388     1098 8 
8632     1099 8 
9064     1098 8 
8396     1100 8 
8828     1100 8 
8638     1101 8 
9070     1103 8 
7586     1108 8 
7350     1106 8 
7594     1108 8 
7358     1104 8 
7602     1093 8 
8204     1104 8 
8014     1108 8 
8377     1100 8 
8809     1096 8 
8621     1099 8 
9053     1101 8 
8385     1099 8 
8629     1100 9 
9061     1100 8 
8393     1100 8 
8825     1099 8 
8637     1099 8 
9069     1100 9 
8399     1101 8 
8831     1101 8 
7347     1100 8 
7779     1105 8 
7591     1108 8 
7355     1103 8 
7787     1108 9 
8031     1110 8 
7363     1099 8 
7775     1102 8 
8207     1104 8 
