8616     1101 8 
9048     1101 8 
8380     1099 8 
8812     1100 8 
8624     1101 8 
9056     1103 8 
8388     1106 8 
8632     1102 8 
9064     1102 8 
8396     1103 8 
8828     1101 8 
8638     1102 8 
9070     1103 8 
7586     1109 8 
7350     1105 8 
7782     1107 8 
7594     1108 8 
7358     1105 8 
7790     1108 8 
7602     1109 8 
8034     1111 9 
7772     1106 8 
8204     1106 8 
8014     1108 8 
8377     1097 8 
8809     1099 8 
8621     1099 8 
9053     1100 8 
8385     1102 8 
8629     1105 8 
9061     1101 8 
8393     1102 8 
8825     1102 8 
8637     1101 8 
9069     1100 8 
8399     1102 8 
8831     1103 8 
7347     1103 8 
7779     1104 8 
7591     1108 8 
7355     1106 8 
7787     1108 9 
8031     1112 9 
7795     1109 8 
7581     1112 8 
8013     1109 8 
7775     1110 8 
8207     1109 8 
