8616     1054 8 
9048     1051 8 
8380     1068 8 
8812     1054 8 
8624     1054 8 
9056     1055 8 
8388     1057 8 
8632     1054 8 
9064     1068 8 
8396     1054 8 
8828     1069 8 
8638     1070 8 
9070     1054 8 
7586     1062 8 
7350     1059 8 
7782     1061 8 
7594     1060 8 
7358     1060 9 
7790     1058 8 
7602     1063 8 
8034     1062 8 
8204     1058 8 
7582     1063 8 
8014     1060 8 
8377     1069 8 
8809     1064 9 
8621     1068 8 
9053     1053 8 
8385     1053 8 
8629     1056 8 
9061     1053 8 
8393     1054 8 
8825     1055 8 
8637     1055 8 
9069     1055 8 
8399     1055 8 
8831     1055 8 
7347     1058 8 
7779     1058 8 
7591     1060 8 
7355     1060 8 
7787     1059 8 
8031     1061 8 
7363     1060 8 
7795     1062 8 
7581     1060 8 
8013     1060 8 
7775     1057 8 
8207     1057 8 
