8616     1106 8 
9048     1101 8 
8380     1102 8 
8812     1105 8 
8624     1102 8 
9056     1101 8 
8388     1101 8 
8632     1103 8 
9064     1102 8 
8396     1102 8 
8828     1104 8 
8638     1100 8 
9070     1103 8 
7586     1107 8 
7594     1106 8 
7358     1102 8 
7790     1108 9 
7602     1108 8 
8034     1108 8 
7772     1112 9 
8204     1108 8 
7582     1108 8 
8014     1107 8 
8377     1102 8 
8809     1102 8 
8621     1101 8 
9053     1099 8 
8385     1101 8 
8629     1103 8 
9061     1103 8 
8393     1102 8 
8825     1102 8 
8637     1103 8 
9069     1101 8 
8399     1104 8 
8831     1104 8 
7347     1109 8 
7779     1103 8 
7591     1106 8 
8023     1105 8 
7355     1107 8 
7787     1105 8 
8031     1108 8 
7363     1107 8 
7795     1106 8 
7581     1108 9 
8013     1106 8 
7775     1102 8 
8207     1104 9 
