8616     1066 8 
9048     1064 8 
8380     1064 8 
8812     1063 8 
8624     1064 8 
9056     1068 8 
8388     1064 9 
8632     1068 8 
9064     1062 9 
8396     1068 8 
8828     1064 8 
8638     1063 9 
9070     1067 8 
7586     1054 9 
7350     1055 8 
7782     1055 8 
7594     1058 8 
7358     1051 8 
7790     1059 8 
7602     1056 8 
8034     1057 9 
8204     1057 8 
7582     1053 9 
8014     1055 8 
8377     1064 8 
8809     1063 8 
8621     1063 8 
9053     1066 8 
8385     1066 8 
8629     1068 8 
9061     1066 8 
8393     1068 8 
8825     1066 8 
8637     1064 8 
9069     1065 8 
8399     1068 8 
8831     1066 8 
7347     1054 8 
7779     1055 8 
7591     1053 8 
7355     1053 8 
7787     1055 8 
8031     1057 8 
7363     1058 8 
7795     1056 8 
7581     1054 8 
8013     1055 8 
7775     1053 8 
8207     1053 8 
