8616     1065 8 
9048     1065 8 
8380     1066 8 
8812     1067 8 
8624     1067 8 
9056     1068 8 
8388     1064 8 
8632     1068 8 
9064     1065 8 
8396     1068 8 
8828     1067 8 
8638     1065 8 
9070     1071 8 
7586     1076 9 
7350     1069 8 
7594     1076 8 
7358     1072 8 
7790     1076 9 
7602     1059 8 
8034     1058 8 
8204     1072 8 
8014     1076 8 
8377     1065 8 
8809     1064 8 
8621     1063 8 
9053     1065 8 
8385     1067 8 
8629     1068 8 
9061     1067 8 
8393     1070 8 
8825     1067 8 
8637     1066 8 
9069     1067 8 
8399     1067 8 
8831     1068 8 
7347     1074 8 
7779     1075 9 
7591     1076 8 
7355     1072 8 
7787     1076 8 
8031     1058 8 
7363     1058 8 
7795     1058 8 
7581     1059 8 
8013     1076 8 
7775     1072 9 
8207     1074 8 
