8616     1092 8 
9048     1096 8 
8380     1092 9 
8812     1092 8 
8624     1083 8 
8388     1091 9 
8632     1083 8 
9064     1094 9 
8396     1081 8 
8828     1095 8 
8638     1081 8 
9070     1084 8 
7586     1085 8 
7350     1088 9 
7782     1084 8 
7594     1087 8 
7358     1087 8 
7790     1087 8 
7602     1087 8 
8034     1087 8 
7772     1083 8 
8204     1086 8 
7582     1083 8 
8014     1084 8 
8377     1092 8 
8809     1092 8 
8621     1093 8 
8385     1081 8 
8629     1081 8 
9061     1092 8 
8393     1081 8 
8825     1081 8 
8637     1094 8 
9069     1092 8 
8399     1082 8 
8831     1082 8 
7347     1088 8 
7779     1083 8 
7591     1083 8 
7355     1084 8 
7787     1086 8 
8031     1088 8 
7363     1085 9 
7795     1087 8 
7581     1085 8 
8013     1087 9 
7775     1088 8 
8207     1084 8 
