8616     1068 8 
9048     1068 8 
8380     1069 8 
8812     1065 8 
8624     1072 8 
9056     1052 8 
8388     1067 8 
8632     1053 8 
9064     1068 8 
8396     1072 8 
8828     1068 8 
8638     1068 8 
9070     1053 8 
7586     1062 8 
7350     1061 8 
7782     1057 8 
7594     1059 8 
7358     1058 8 
7790     1061 8 
7602     1063 8 
8034     1061 8 
8204     1057 8 
7582     1060 9 
8014     1059 8 
8377     1067 8 
8809     1065 8 
8621     1066 9 
9053     1068 8 
8385     1071 8 
8629     1072 8 
9061     1067 8 
8393     1054 8 
8825     1071 8 
8637     1068 8 
9069     1068 8 
8399     1069 8 
8831     1053 8 
7347     1057 8 
7779     1056 9 
7591     1058 8 
7355     1058 8 
7787     1061 8 
8031     1060 9 
7363     1061 8 
7795     1060 9 
7581     1060 8 
8013     1059 8 
7775     1061 9 
8207     1059 8 
