8616     1068 8 
9048     1072 8 
8380     1068 9 
8812     1068 8 
8624     1068 9 
9056     1052 8 
8388     1064 9 
8632     1072 8 
9064     1067 8 
8396     1072 8 
8828     1068 8 
8638     1068 9 
9070     1053 8 
7586     1059 8 
7350     1057 8 
7782     1059 8 
7594     1063 8 
7358     1060 8 
7790     1058 8 
7602     1060 8 
8034     1060 8 
8204     1059 8 
7582     1062 8 
8014     1061 8 
8377     1068 9 
8809     1067 8 
8621     1067 9 
9053     1073 8 
8385     1071 8 
8629     1053 8 
9061     1068 9 
8393     1054 8 
8825     1071 8 
8637     1068 9 
9069     1066 8 
8399     1071 8 
8831     1054 8 
7347     1056 8 
7779     1057 8 
7591     1060 8 
7355     1059 8 
7787     1056 8 
8031     1060 8 
7363     1056 8 
7795     1060 9 
7581     1060 8 
8013     1058 8 
7775     1064 8 
8207     1057 8 
