8616     1092 8 
9048     1092 8 
8380     1090 8 
8812     1092 9 
8624     1096 9 
8388     1091 9 
8632     1083 8 
9064     1094 8 
8396     1081 8 
8828     1096 9 
8638     1095 8 
9070     1084 8 
7586     1086 8 
7350     1086 8 
7782     1087 8 
7594     1085 8 
7358     1088 8 
7790     1087 8 
7602     1088 8 
8034     1086 8 
7772     1085 8 
8204     1085 8 
8014     1087 8 
8377     1092 8 
8809     1092 8 
8621     1092 8 
8385     1092 8 
8629     1081 8 
9061     1092 8 
8393     1081 8 
8825     1082 8 
8637     1094 9 
9069     1093 10
8399     1082 8 
8831     1084 8 
7347     1089 8 
7779     1083 8 
7591     1087 8 
7355     1086 8 
7787     1085 8 
8031     1087 8 
7363     1087 8 
7795     1088 8 
7581     1088 8 
8013     1085 8 
7775     1087 8 
8207     1085 8 
