8616     1099 8 
9048     1099 8 
8380     1097 8 
8812     1099 8 
8624     1100 8 
9056     1101 8 
8388     1098 8 
8632     1100 9 
9064     1099 8 
8396     1099 8 
8828     1099 8 
8638     1100 8 
9070     1102 8 
7350     1106 8 
7594     1094 8 
7358     1108 8 
7790     1095 8 
7602     1095 8 
8204     1107 8 
8014     1095 8 
8377     1097 8 
8809     1099 8 
8621     1099 8 
9053     1098 8 
8385     1100 8 
8629     1102 8 
9061     1099 8 
8393     1102 8 
8825     1099 8 
8637     1099 8 
9069     1099 8 
8399     1100 8 
8831     1101 8 
7347     1102 8 
7779     1110 8 
7591     1112 9 
7355     1107 8 
7787     1094 8 
8031     1095 8 
7363     1095 8 
7795     1096 8 
8013     1094 8 
7775     1102 8 
