8616     1054 8 
9048     1071 8 
8380     1068 8 
8812     1053 8 
8624     1055 8 
9056     1054 8 
8388     1055 8 
8632     1054 8 
9064     1068 8 
8396     1054 8 
8828     1053 8 
8638     1053 8 
9070     1054 8 
7586     1061 8 
7350     1059 8 
7782     1059 8 
7594     1060 9 
7358     1059 8 
7790     1060 8 
7602     1063 8 
8034     1063 8 
8204     1058 8 
7582     1062 9 
8014     1061 8 
8377     1064 9 
8809     1068 8 
8621     1068 8 
9053     1053 8 
8385     1053 8 
8629     1056 8 
9061     1054 8 
8393     1056 8 
8825     1054 8 
8637     1069 8 
9069     1068 9 
8399     1054 8 
8831     1054 8 
7347     1060 9 
7779     1059 9 
7591     1060 8 
7355     1060 8 
7787     1058 8 
8031     1062 8 
7363     1062 8 
7795     1063 8 
7581     1062 8 
8013     1059 8 
7775     1062 8 
8207     1059 8 
