8616     1101 8 
9048     1100 8 
8380     1099 8 
8812     1103 8 
8624     1102 8 
9056     1104 8 
8388     1100 9 
8632     1101 8 
9064     1099 8 
8396     1101 8 
8828     1102 8 
8638     1101 8 
9070     1104 8 
7586     1108 8 
7350     1105 8 
7782     1109 8 
7594     1108 8 
7358     1104 8 
7790     1107 8 
7602     1111 8 
8034     1111 8 
7772     1105 8 
8204     1104 8 
7582     1108 9 
8014     1108 8 
8377     1102 8 
8809     1100 8 
8621     1100 8 
9053     1102 8 
8385     1101 8 
8629     1103 8 
9061     1102 8 
8393     1102 8 
8825     1100 8 
8637     1103 8 
9069     1103 8 
8399     1101 8 
8831     1103 8 
7347     1105 8 
7779     1107 8 
7591     1108 8 
7355     1104 8 
7787     1105 8 
8031     1109 8 
7363     1105 8 
7795     1110 8 
7581     1111 8 
8013     1108 9 
7775     1101 8 
8207     1106 8 
