8616     1064 8 
9048     1067 8 
8380     1064 8 
8812     1064 8 
8624     1066 8 
9056     1068 9 
8388     1064 8 
8632     1067 8 
9064     1062 8 
8396     1068 9 
8828     1064 8 
8638     1064 8 
9070     1068 8 
7586     1057 8 
7350     1060 8 
7782     1056 8 
7594     1058 8 
7358     1057 8 
7790     1059 8 
7602     1056 8 
8034     1057 8 
8204     1055 8 
8014     1057 8 
8377     1064 8 
8809     1064 8 
8621     1064 8 
9053     1065 8 
8385     1067 8 
8629     1068 8 
9061     1066 8 
8393     1070 8 
8825     1067 8 
8637     1065 8 
9069     1067 8 
8399     1067 8 
8831     1068 8 
7347     1060 8 
7779     1055 8 
7591     1056 8 
7355     1054 8 
7787     1055 8 
8031     1055 8 
7363     1058 8 
7795     1057 8 
7581     1057 8 
8013     1057 8 
7775     1060 8 
8207     1054 8 
