8616     1077 8 
9048     1077 8 
8380     1077 8 
8812     1077 8 
8624     1078 8 
9056     1079 8 
8388     1078 8 
8632     1078 8 
9064     1077 8 
8396     1077 8 
8828     1078 8 
8638     1078 8 
9070     1077 8 
7586     1083 8 
7350     1080 9 
7782     1080 8 
7594     1086 8 
7358     1080 8 
7790     1084 8 
7602     1084 8 
8034     1086 8 
7772     1078 8 
8204     1078 8 
7582     1083 9 
8014     1081 8 
8377     1077 8 
8809     1078 8 
8621     1077 8 
9053     1077 8 
8385     1077 8 
8629     1079 8 
9061     1075 8 
8393     1080 8 
8825     1077 8 
8637     1078 8 
9069     1078 8 
8399     1079 8 
8831     1078 8 
7347     1077 8 
7779     1080 9 
7591     1082 8 
7355     1081 8 
7787     1082 8 
8031     1084 8 
7363     1080 8 
7795     1084 8 
7581     1084 9 
8013     1083 9 
7775     1084 8 
8207     1084 8 
