8616     1075 8 
9048     1072 8 
8380     1071 8 
8812     1074 8 
8624     1072 8 
9056     1075 8 
8388     1072 9 
8632     1075 8 
9064     1072 8 
8396     1076 8 
8828     1073 8 
8638     1073 8 
9070     1078 8 
7586     1062 8 
7350     1077 8 
7782     1063 8 
7594     1061 9 
7358     1063 8 
7790     1063 8 
7602     1064 8 
8034     1063 8 
8204     1063 8 
7582     1060 9 
8014     1061 8 
8377     1071 8 
8809     1072 8 
8621     1071 8 
9053     1074 8 
8385     1075 8 
8629     1076 8 
9061     1074 8 
8393     1077 8 
8825     1076 9 
8637     1072 8 
9069     1076 8 
8399     1076 8 
8831     1076 8 
7779     1083 8 
7591     1059 8 
7355     1062 8 
7787     1063 8 
8031     1063 8 
7363     1064 8 
7795     1065 8 
7581     1062 9 
8013     1064 8 
8207     1061 8 
