8616     1099 8 
9048     1099 8 
8380     1098 8 
8812     1101 8 
8624     1099 8 
9056     1100 9 
8388     1099 8 
8632     1100 9 
9064     1100 8 
8396     1099 8 
8828     1100 8 
8638     1098 8 
9070     1103 8 
7586     1096 8 
7350     1095 8 
7782     1097 8 
7594     1097 8 
7358     1097 8 
7790     1100 8 
7602     1099 8 
8034     1100 8 
8204     1098 8 
8014     1099 8 
8377     1098 8 
8809     1099 8 
8621     1098 8 
9053     1102 8 
8385     1100 8 
8629     1100 8 
9061     1099 8 
8393     1102 8 
8825     1099 8 
8637     1099 8 
9069     1100 8 
8399     1100 8 
8831     1100 8 
7347     1103 8 
7779     1097 8 
7591     1096 8 
7355     1096 8 
7787     1099 8 
8031     1098 8 
7363     1099 8 
7795     1099 8 
7581     1098 8 
8013     1099 8 
7775     1099 8 
8207     1097 8 
