8616     1072 9 
9048     1072 9 
8380     1069 8 
8812     1071 8 
8624     1073 8 
9056     1076 8 
8388     1071 8 
8632     1072 8 
9064     1068 9 
8396     1073 8 
8828     1072 8 
8638     1069 8 
9070     1076 8 
7586     1060 9 
7350     1065 10
7782     1060 8 
7594     1062 8 
7358     1059 8 
7790     1065 8 
7602     1063 8 
8034     1063 8 
8204     1060 8 
7582     1060 9 
8014     1060 8 
8377     1071 8 
8809     1068 9 
8621     1067 8 
9053     1075 8 
8385     1073 8 
8629     1076 8 
9061     1072 8 
8393     1075 8 
8825     1074 8 
8637     1072 8 
9069     1073 8 
8399     1076 8 
8831     1075 8 
7779     1060 8 
7591     1061 8 
7355     1061 8 
7787     1058 8 
8031     1061 8 
7363     1060 8 
7795     1063 8 
7581     1063 8 
8013     1061 8 
8207     1060 8 
