8616     1073 8 
9048     1071 8 
8380     1072 8 
8812     1074 8 
8624     1075 8 
9056     1075 8 
8388     1075 8 
8632     1076 8 
9064     1071 8 
8396     1075 8 
8828     1075 8 
8638     1073 8 
9070     1077 8 
7586     1084 8 
7350     1082 8 
7782     1083 8 
7594     1084 8 
7358     1079 8 
7790     1084 8 
7602     1084 8 
8034     1064 8 
8204     1080 8 
7582     1086 8 
8014     1084 8 
8377     1071 8 
8809     1071 8 
8621     1070 8 
9053     1074 8 
8385     1075 8 
8629     1075 8 
9061     1075 8 
8393     1077 8 
8825     1075 8 
8637     1074 8 
9069     1074 8 
8399     1075 8 
8831     1075 8 
7347     1082 8 
7779     1082 8 
7591     1083 8 
7355     1081 8 
7787     1083 8 
8031     1086 8 
7363     1081 8 
7795     1066 8 
7581     1066 8 
8013     1084 8 
7775     1085 8 
8207     1080 8 
