8616     1074 8 
9048     1072 8 
8380     1071 8 
8812     1071 8 
8624     1074 8 
9056     1077 9 
8388     1071 8 
8632     1077 8 
9064     1070 8 
8396     1074 8 
8828     1072 8 
8638     1070 8 
9070     1076 8 
7586     1061 8 
7350     1080 8 
7594     1063 8 
7358     1064 8 
7790     1060 8 
7602     1064 8 
8034     1062 8 
8204     1063 8 
8014     1060 8 
8377     1070 8 
8809     1068 8 
8621     1069 8 
9053     1072 8 
8385     1072 9 
8629     1075 8 
9061     1073 8 
8393     1076 8 
8825     1072 9 
8637     1072 8 
9069     1072 8 
8399     1076 8 
8831     1075 8 
7591     1061 8 
7787     1062 8 
8031     1063 8 
7795     1062 8 
7581     1064 8 
8013     1066 8 
