8616     1051 8 
9048     1049 8 
8380     1064 8 
8812     1051 8 
8624     1053 8 
9056     1054 8 
8388     1053 8 
8632     1051 8 
9064     1068 9 
8396     1056 8 
8828     1053 8 
8638     1053 8 
9070     1053 9 
7586     1059 8 
7350     1059 8 
7782     1058 8 
7594     1059 8 
7358     1058 8 
7790     1061 8 
7602     1062 8 
8034     1063 8 
8204     1058 8 
7582     1061 8 
8014     1059 8 
8377     1068 8 
8809     1068 8 
8621     1067 8 
9053     1052 8 
8385     1052 9 
8629     1054 8 
9061     1053 8 
8393     1054 8 
8825     1052 8 
8637     1053 8 
9069     1052 8 
8399     1053 8 
8831     1055 8 
7347     1059 8 
7779     1058 8 
7591     1059 8 
7355     1059 9 
7787     1057 8 
8031     1061 8 
7363     1063 8 
7795     1064 8 
7581     1063 8 
8013     1061 8 
7775     1057 8 
8207     1055 8 
