8616     1100 8 
9048     1098 8 
8380     1100 8 
8812     1101 8 
8624     1101 8 
9056     1101 8 
8388     1103 8 
8632     1103 8 
9064     1099 8 
8396     1103 8 
8828     1101 8 
8638     1103 8 
9070     1101 8 
7586     1112 9 
7350     1106 8 
7594     1094 8 
7358     1108 8 
7602     1097 8 
8204     1107 8 
8014     1095 8 
8377     1101 8 
8809     1098 8 
8621     1099 8 
9053     1103 8 
8385     1101 8 
8629     1102 8 
9061     1102 8 
8393     1102 8 
8825     1099 8 
8637     1100 9 
9069     1101 8 
8399     1100 8 
8831     1102 8 
7347     1101 9 
7779     1111 8 
7591     1111 8 
7355     1108 8 
8031     1095 8 
7795     1096 8 
8013     1097 8 
7775     1106 8 
8207     1111 8 
