8616     1073 8 
9048     1072 8 
8380     1073 8 
8812     1075 8 
8624     1074 8 
9056     1076 8 
8388     1073 8 
8632     1076 8 
9064     1071 8 
8396     1076 8 
8828     1074 8 
8638     1072 8 
9070     1076 8 
7586     1061 8 
7350     1060 9 
7782     1064 8 
7594     1064 8 
7358     1063 8 
7790     1067 8 
7602     1063 8 
8034     1063 8 
8204     1063 8 
7582     1061 8 
8014     1064 8 
8377     1072 8 
8809     1072 8 
8621     1071 8 
9053     1075 8 
8385     1075 8 
8629     1076 9 
9061     1074 8 
8393     1077 8 
8825     1075 8 
8637     1072 8 
9069     1075 8 
8399     1076 8 
8831     1076 8 
7347     1078 8 
7779     1062 8 
7591     1062 8 
7355     1063 8 
7787     1062 8 
8031     1064 8 
7363     1066 8 
7795     1068 8 
7581     1064 8 
8013     1063 8 
8207     1081 8 
