8616     1100 8 
9048     1101 8 
8380     1102 8 
8812     1101 8 
8624     1101 8 
9056     1102 8 
8388     1102 8 
8632     1103 8 
9064     1103 8 
8396     1101 8 
8828     1102 8 
8638     1103 8 
9070     1105 8 
7586     1108 8 
7350     1106 8 
7782     1110 8 
7594     1108 9 
7358     1105 8 
7790     1106 8 
7602     1112 9 
8034     1111 9 
8204     1105 8 
7582     1108 9 
8014     1107 8 
8377     1099 8 
8809     1101 8 
8621     1099 8 
9053     1102 8 
8385     1103 8 
8629     1104 8 
9061     1101 8 
8393     1103 8 
8825     1102 8 
8637     1102 8 
9069     1101 8 
8399     1103 8 
8831     1101 8 
7347     1106 8 
7779     1107 8 
7591     1108 8 
7355     1107 8 
7787     1107 8 
8031     1112 8 
7363     1109 8 
7795     1112 8 
7581     1109 8 
8013     1108 8 
7775     1101 8 
8207     1108 8 
