8616     1065 8 
9048     1065 8 
8380     1066 8 
8812     1065 8 
8624     1065 8 
9056     1068 9 
8388     1067 8 
8632     1068 8 
9064     1064 8 
8396     1068 8 
8828     1067 8 
8638     1064 8 
9070     1068 8 
7586     1056 8 
7350     1068 8 
7594     1057 8 
7358     1058 8 
7790     1056 8 
7602     1059 8 
8034     1059 8 
8204     1071 9 
8014     1059 8 
8377     1067 8 
8809     1063 8 
8621     1063 8 
9053     1065 8 
8385     1067 8 
8629     1068 8 
9061     1068 8 
8393     1068 8 
8825     1067 8 
8637     1064 8 
9069     1067 8 
8399     1067 8 
8831     1068 8 
7347     1066 8 
7779     1074 8 
7591     1059 8 
7355     1072 8 
7787     1059 8 
8031     1058 8 
7363     1075 8 
7795     1060 8 
7581     1058 8 
8013     1059 8 
8207     1074 8 
