8616     1100 8 
9048     1098 8 
8380     1098 8 
8812     1100 8 
8624     1099 8 
9056     1100 8 
8388     1099 8 
8632     1103 8 
9064     1098 8 
8396     1100 8 
8828     1101 8 
8638     1100 8 
9070     1103 8 
7586     1106 8 
7350     1102 8 
7782     1104 9 
7594     1110 8 
7358     1104 9 
7790     1108 8 
7602     1093 8 
7772     1105 8 
8204     1105 8 
8014     1108 8 
8377     1099 8 
8809     1098 8 
8621     1100 8 
9053     1097 8 
8385     1100 8 
8629     1102 8 
9061     1100 8 
8393     1103 8 
8825     1101 8 
8637     1099 8 
9069     1099 8 
8399     1101 8 
8831     1101 8 
7347     1101 8 
7779     1104 8 
7591     1105 8 
7355     1103 8 
7787     1104 8 
8031     1108 8 
7363     1105 8 
7581     1108 8 
8013     1108 8 
7775     1103 8 
8207     1105 8 
