8616     1074 8 
9048     1072 8 
8380     1072 8 
8812     1074 8 
8624     1075 8 
9056     1075 8 
8388     1072 8 
8632     1075 9 
9064     1071 8 
8396     1074 8 
8828     1075 8 
8638     1072 8 
9070     1079 8 
7586     1085 8 
7350     1084 8 
7782     1086 8 
7594     1086 8 
7358     1087 8 
7790     1084 8 
7602     1087 8 
8034     1088 8 
8204     1084 8 
7582     1087 8 
8014     1085 8 
8377     1071 8 
8809     1092 9 
8621     1092 9 
9053     1075 8 
8385     1075 8 
8629     1077 8 
9061     1073 8 
8393     1075 8 
8825     1077 8 
8637     1074 8 
9069     1075 8 
8399     1075 8 
8831     1076 8 
7779     1082 8 
7591     1084 9 
7355     1082 8 
7787     1083 8 
8031     1087 8 
7363     1082 8 
7795     1088 8 
7581     1091 8 
8013     1086 8 
7775     1085 8 
8207     1080 8 
