8616     1103 8 
9048     1101 8 
8380     1099 8 
8812     1100 8 
8624     1102 8 
9056     1103 8 
8388     1103 8 
8632     1103 8 
9064     1103 8 
8396     1102 8 
8828     1101 8 
8638     1103 8 
9070     1104 8 
7586     1109 9 
7350     1111 8 
7782     1105 8 
7594     1112 8 
7358     1108 9 
7790     1106 8 
7602     1111 8 
8034     1111 8 
7772     1106 8 
8204     1107 8 
8014     1108 9 
8377     1101 8 
8809     1102 8 
8621     1101 8 
9053     1102 8 
8385     1102 8 
8629     1103 8 
9061     1101 8 
8393     1102 9 
8825     1101 8 
8637     1103 8 
9069     1102 8 
8399     1104 8 
8831     1103 8 
7347     1104 8 
7779     1108 8 
7591     1107 8 
7787     1108 9 
8031     1109 8 
7363     1109 8 
7795     1112 9 
7581     1112 8 
8013     1109 8 
7775     1102 8 
8207     1107 8 
