8616     1072 8 
9048     1073 8 
8380     1072 8 
8812     1075 8 
8624     1074 8 
9056     1078 8 
8388     1075 8 
8632     1076 8 
9064     1074 8 
8396     1075 8 
8828     1075 8 
8638     1071 8 
9070     1079 8 
7586     1085 8 
7350     1077 8 
7782     1084 9 
7594     1087 8 
7358     1082 8 
7790     1065 8 
7602     1088 8 
8034     1063 8 
8204     1084 8 
7582     1087 8 
8014     1086 8 
8377     1072 9 
8809     1074 8 
8621     1071 8 
9053     1075 8 
8385     1075 8 
8629     1079 8 
9061     1074 8 
8393     1077 8 
8825     1074 8 
8637     1075 8 
9069     1075 8 
8399     1076 8 
8831     1076 8 
7779     1082 8 
7591     1083 8 
7355     1085 8 
7787     1084 8 
8031     1088 8 
7363     1084 9 
7795     1067 9 
7581     1087 8 
8013     1085 8 
8207     1083 8 
