8616     1074 8 
9048     1076 8 
8380     1075 8 
8812     1076 8 
8624     1076 8 
9056     1079 8 
8388     1075 8 
8632     1077 8 
9064     1077 8 
8396     1078 8 
8828     1077 8 
8638     1077 8 
9070     1078 8 
7586     1084 8 
7350     1080 8 
7782     1081 8 
7594     1084 8 
7358     1081 8 
7790     1081 8 
7602     1084 8 
8034     1087 9 
7772     1080 8 
8204     1077 8 
7582     1084 9 
8014     1084 8 
8377     1076 8 
8809     1075 8 
8621     1076 8 
9053     1077 8 
8385     1077 8 
8629     1078 8 
9061     1075 8 
8393     1078 8 
8825     1077 8 
8637     1075 8 
9069     1077 8 
8399     1077 8 
8831     1077 8 
7347     1075 8 
7779     1081 8 
7591     1082 8 
7355     1083 8 
7787     1079 8 
8031     1084 9 
7363     1080 8 
7795     1084 8 
7581     1084 8 
8013     1081 8 
7775     1082 8 
8207     1080 8 
