8616     1065 8 
9048     1065 8 
8380     1064 8 
8812     1065 8 
8624     1067 8 
9056     1068 9 
8388     1064 9 
8632     1068 8 
9064     1065 8 
8396     1067 8 
8828     1067 8 
8638     1063 8 
9070     1068 9 
7586     1056 8 
7350     1069 8 
7594     1057 8 
7358     1073 8 
7790     1058 8 
7602     1058 8 
8034     1058 8 
8204     1071 8 
8014     1058 8 
8377     1064 8 
8809     1063 8 
8621     1063 8 
9053     1068 8 
8385     1068 8 
8629     1067 8 
9061     1066 8 
8393     1069 8 
8825     1067 8 
8637     1065 10
9069     1068 8 
8399     1067 8 
8831     1067 8 
7347     1062 8 
7591     1059 8 
7787     1058 8 
8031     1058 8 
7795     1059 8 
7581     1058 8 
8013     1060 8 
7775     1067 8 
8207     1073 8 
