8616     1065 8 
9048     1067 8 
8380     1065 8 
8812     1064 9 
8624     1065 8 
9056     1067 8 
8388     1065 8 
8632     1067 8 
9064     1062 8 
8396     1067 8 
8828     1066 9 
8638     1068 8 
9070     1068 8 
7586     1056 8 
7350     1068 8 
7594     1057 8 
7358     1072 8 
7790     1059 8 
7602     1058 8 
8034     1058 8 
8204     1071 8 
8014     1058 8 
8377     1064 9 
8809     1063 8 
8621     1062 8 
9053     1066 8 
8385     1067 8 
8629     1069 8 
9061     1065 8 
8393     1068 8 
8825     1067 8 
8637     1065 8 
9069     1068 8 
8399     1068 8 
8831     1068 9 
7347     1062 8 
7591     1059 8 
7787     1058 8 
8031     1058 8 
7363     1058 8 
7795     1060 8 
7581     1058 8 
8013     1061 8 
8207     1073 8 
