8616     1071 8 
9048     1069 8 
8380     1071 8 
8812     1070 8 
8624     1071 8 
9056     1072 8 
8388     1072 8 
8632     1072 8 
9064     1068 8 
8396     1072 8 
8828     1072 9 
8638     1071 8 
9070     1074 8 
7586     1069 8 
7350     1065 8 
7782     1068 9 
7594     1071 8 
7358     1064 8 
7790     1071 8 
7602     1073 8 
8034     1072 8 
8204     1066 8 
7582     1070 9 
8014     1070 8 
8377     1068 8 
8809     1070 8 
8621     1068 9 
9053     1072 9 
8385     1072 8 
8629     1072 9 
9061     1072 8 
8393     1073 8 
8825     1072 8 
8637     1072 8 
9069     1071 8 
8399     1073 8 
8831     1073 8 
7347     1065 8 
7779     1067 8 
7591     1068 8 
7355     1068 8 
7787     1068 8 
8031     1072 8 
7363     1068 8 
7795     1072 8 
7581     1072 8 
8013     1068 8 
7775     1068 8 
8207     1066 8 
