8616     1102 8 
9048     1099 8 
8380     1099 8 
8812     1101 8 
8624     1100 8 
9056     1103 8 
8388     1102 8 
8632     1103 8 
9064     1100 8 
8396     1101 8 
8828     1101 8 
8638     1099 8 
9070     1103 8 
7586     1109 8 
7350     1106 9 
7782     1106 8 
7594     1111 8 
7358     1108 9 
7790     1108 9 
7602     1112 8 
8034     1111 8 
7772     1106 8 
8204     1107 9 
7582     1108 9 
8014     1107 8 
8377     1099 8 
8809     1099 8 
8621     1102 8 
9053     1103 8 
8385     1101 9 
8629     1103 8 
9061     1101 8 
8393     1103 8 
8825     1103 8 
8637     1102 8 
9069     1103 8 
8399     1102 8 
8831     1103 8 
7347     1105 8 
7779     1106 8 
7591     1108 8 
7355     1106 8 
7787     1111 8 
8031     1111 8 
7363     1105 8 
7795     1112 8 
7581     1109 8 
8013     1108 9 
7775     1103 8 
8207     1108 8 
