8616     1073 8 
9048     1072 8 
8380     1070 8 
8812     1072 8 
8624     1072 9 
9056     1074 8 
8388     1069 8 
8632     1076 8 
9064     1071 9 
8396     1075 8 
8828     1072 8 
8638     1075 8 
9070     1076 9 
7586     1060 10
7782     1057 8 
7594     1061 8 
7358     1058 8 
7790     1060 8 
7602     1063 8 
8034     1063 8 
8204     1061 8 
7582     1060 9 
8014     1062 8 
8377     1071 8 
8809     1071 9 
8621     1067 9 
9053     1072 9 
8385     1073 10
8629     1075 8 
9061     1073 8 
8393     1076 8 
8825     1076 8 
8637     1074 8 
9069     1071 8 
8399     1075 8 
8831     1077 8 
7779     1058 8 
7591     1060 8 
7355     1058 8 
7787     1060 8 
8031     1060 8 
7795     1061 8 
7581     1062 8 
8013     1061 8 
8207     1055 8 
