8616     1075 8 
9048     1072 8 
8380     1075 8 
8812     1072 8 
8624     1075 8 
9056     1077 8 
8388     1077 8 
8632     1078 8 
9064     1069 8 
8396     1076 9 
8828     1073 9 
8638     1073 8 
9070     1076 8 
7586     1084 9 
7350     1082 8 
7782     1081 8 
7594     1087 8 
7790     1084 9 
7602     1088 9 
8034     1088 8 
7772     1080 8 
8204     1085 8 
7582     1084 9 
8014     1086 8 
8377     1074 8 
8809     1072 8 
8621     1068 8 
9053     1072 8 
8385     1074 8 
8629     1074 8 
9061     1073 8 
8393     1078 8 
8825     1075 8 
8637     1074 8 
9069     1076 8 
8399     1076 8 
8831     1077 8 
7347     1085 8 
7779     1081 8 
7591     1081 8 
7787     1086 8 
8031     1086 8 
7795     1066 8 
7581     1084 9 
8013     1086 8 
8207     1081 8 
