8616     1077 8 
9048     1075 8 
8380     1075 8 
8812     1077 8 
8624     1076 8 
9056     1078 8 
8388     1075 8 
8632     1077 8 
9064     1077 8 
8396     1077 8 
8828     1078 8 
8638     1077 8 
9070     1079 8 
7586     1084 8 
7350     1078 9 
7782     1083 8 
7594     1086 8 
7358     1081 8 
7790     1084 8 
7602     1084 8 
8034     1086 8 
7772     1079 8 
8204     1080 8 
7582     1083 8 
8014     1084 8 
8377     1078 8 
8809     1074 8 
8621     1075 8 
9053     1076 8 
8385     1075 8 
8629     1079 8 
9061     1077 8 
8393     1077 8 
8825     1077 8 
8637     1077 8 
9069     1077 8 
8399     1076 8 
8831     1078 8 
7347     1083 8 
7779     1082 8 
7591     1083 8 
7355     1079 8 
7787     1081 8 
8031     1084 9 
7363     1083 8 
7795     1084 8 
7581     1084 8 
8013     1082 8 
7775     1081 8 
8207     1083 8 
