8616     1071 8 
9048     1072 8 
8380     1072 8 
8812     1072 9 
8624     1074 8 
9056     1075 8 
8388     1072 8 
8632     1075 8 
9064     1071 8 
8396     1076 8 
8828     1074 8 
8638     1071 8 
9070     1077 8 
7586     1060 8 
7350     1076 8 
7782     1060 9 
7594     1062 8 
7358     1079 8 
7790     1064 8 
7602     1062 8 
8034     1064 8 
8204     1058 8 
7582     1060 8 
8014     1061 11
8377     1072 8 
8809     1072 8 
8621     1070 8 
9053     1075 8 
8385     1075 8 
8629     1075 8 
9061     1073 8 
8393     1076 8 
8825     1075 8 
8637     1072 8 
9069     1072 8 
8399     1076 8 
8831     1077 8 
7347     1077 8 
7779     1061 8 
7591     1060 9 
7355     1080 8 
7787     1065 8 
8031     1061 8 
7363     1062 8 
7795     1062 8 
7581     1064 8 
8013     1063 8 
7775     1078 8 
8207     1080 8 
