8616     1053 8 
9048     1051 8 
8380     1068 8 
8812     1053 8 
8624     1053 8 
9056     1051 8 
8388     1051 8 
8632     1054 8 
9064     1068 8 
8396     1051 8 
8828     1052 9 
8638     1053 8 
9070     1055 8 
7586     1059 8 
7350     1059 8 
7782     1061 8 
7594     1059 8 
7358     1059 8 
7790     1058 8 
7602     1063 8 
8034     1064 8 
8204     1057 8 
7582     1060 9 
8014     1059 8 
8377     1068 8 
8809     1063 8 
8621     1067 8 
9053     1052 8 
8385     1051 8 
8629     1055 8 
9061     1051 8 
8393     1054 8 
8825     1053 8 
8637     1053 8 
9069     1052 8 
8399     1052 8 
8831     1054 8 
7347     1054 8 
7779     1058 8 
7591     1059 8 
7355     1058 8 
7787     1059 8 
8031     1061 8 
7363     1063 8 
7795     1062 8 
7581     1060 8 
8013     1059 8 
7775     1057 8 
8207     1055 8 
