8616     1072 8 
9048     1072 8 
8380     1071 8 
8812     1072 8 
8624     1074 8 
9056     1075 8 
8388     1072 9 
8632     1072 9 
9064     1071 8 
8396     1075 8 
8828     1075 8 
8638     1072 8 
9070     1075 8 
7586     1062 8 
7350     1061 8 
7782     1060 8 
7594     1061 8 
7358     1061 8 
7790     1059 8 
7602     1063 8 
8034     1063 8 
8204     1059 8 
7582     1060 8 
8014     1060 8 
8377     1070 8 
8809     1071 8 
8621     1068 8 
9053     1073 8 
8385     1072 8 
8629     1072 8 
9061     1072 8 
8393     1075 8 
8825     1076 8 
8637     1072 8 
9069     1072 8 
8399     1073 8 
8831     1073 8 
7347     1063 8 
7779     1061 8 
7591     1061 8 
7355     1059 8 
7787     1059 8 
8031     1061 8 
7363     1064 8 
7795     1062 8 
7581     1061 8 
8013     1060 8 
7775     1059 8 
8207     1058 8 
