8616     1072 8 
9048     1071 8 
8380     1068 9 
8812     1072 9 
8624     1052 8 
9056     1054 8 
8388     1071 9 
8632     1055 8 
9064     1068 9 
8396     1053 8 
8828     1072 8 
8638     1069 8 
9070     1054 8 
7586     1060 8 
7350     1057 8 
7782     1062 8 
7594     1062 8 
7358     1059 8 
7790     1061 8 
7602     1061 8 
8034     1063 8 
8204     1059 8 
7582     1060 9 
8014     1061 8 
8377     1069 8 
8809     1068 8 
8621     1067 8 
9053     1072 8 
8385     1072 9 
8629     1054 8 
9061     1053 8 
8393     1054 8 
8825     1053 8 
8637     1053 8 
9069     1053 8 
8399     1054 8 
8831     1055 8 
7347     1061 8 
7779     1059 9 
7591     1059 8 
7355     1056 8 
7787     1058 8 
8031     1061 8 
7363     1056 8 
7795     1067 8 
7581     1063 8 
8013     1060 8 
7775     1058 8 
8207     1058 8 
