8616     1096 8 
9048     1098 8 
8380     1095 8 
8812     1096 8 
8624     1097 8 
9056     1100 8 
8388     1095 8 
8632     1099 8 
9064     1094 8 
8396     1096 8 
8828     1097 8 
8638     1096 8 
9070     1099 8 
7586     1087 8 
7350     1094 8 
7358     1094 8 
7790     1089 8 
7602     1090 8 
8204     1091 8 
8014     1090 8 
8377     1096 8 
8809     1095 8 
8621     1095 8 
9053     1097 10
8385     1098 8 
8629     1097 8 
9061     1096 8 
8393     1100 8 
8825     1096 8 
8637     1096 8 
9069     1096 8 
8399     1099 8 
8831     1099 8 
7347     1097 8 
7591     1089 8 
7787     1088 8 
7363     1094 8 
7795     1089 8 
7581     1089 8 
8013     1091 8 
7775     1094 10
