8616     1097 8 
9048     1097 8 
8380     1095 8 
8812     1098 8 
8624     1098 8 
9056     1100 8 
8388     1097 8 
8632     1098 8 
9064     1095 8 
8396     1099 8 
8828     1099 8 
8638     1096 8 
9070     1100 8 
7350     1095 8 
7358     1095 8 
7602     1093 8 
8204     1100 8 
8014     1094 8 
8377     1098 8 
8809     1095 8 
8621     1095 8 
9053     1099 8 
8385     1099 8 
8629     1099 8 
9061     1099 8 
8393     1102 8 
8825     1099 8 
8637     1100 8 
9069     1099 8 
8399     1100 9 
8831     1101 8 
7347     1093 10
7591     1090 8 
7355     1101 8 
7363     1093 8 
8013     1091 8 
7775     1097 8 
