8616     1072 8 
9048     1051 8 
8380     1070 8 
8812     1054 8 
8624     1051 8 
9056     1055 8 
8388     1055 8 
8632     1054 8 
9064     1068 8 
8396     1054 8 
8828     1054 8 
8638     1071 8 
9070     1054 8 
7586     1060 8 
7350     1057 8 
7782     1060 8 
7594     1063 9 
7358     1056 8 
7790     1060 8 
7602     1062 8 
8034     1063 8 
8204     1059 8 
7582     1062 8 
8014     1059 8 
8377     1068 8 
8809     1068 8 
8621     1068 8 
9053     1053 8 
8385     1053 8 
8629     1054 8 
9061     1053 8 
8393     1054 8 
8825     1055 8 
8637     1053 8 
9069     1053 8 
8399     1053 8 
8831     1055 8 
7347     1056 8 
7779     1058 8 
7591     1059 8 
7355     1059 8 
7787     1060 9 
8031     1061 8 
7363     1060 8 
7795     1060 8 
7581     1060 8 
8013     1060 8 
7775     1057 8 
8207     1056 8 
