8616     1096 9 
9048     1095 8 
8380     1092 8 
8812     1092 8 
8624     1096 8 
8388     1091 8 
8632     1083 8 
9064     1094 8 
8638     1095 8 
9070     1084 8 
7586     1087 8 
7350     1087 8 
7782     1086 8 
7594     1087 8 
7358     1087 8 
7790     1086 8 
7602     1090 8 
8034     1085 9 
7772     1086 8 
8204     1087 8 
8014     1087 8 
8377     1092 8 
8809     1092 8 
8621     1093 8 
8385     1092 9 
9061     1092 8 
8393     1081 8 
8637     1094 8 
9069     1093 8 
8399     1082 8 
8831     1084 8 
7347     1086 8 
7779     1086 8 
7591     1087 8 
7355     1086 8 
7787     1085 8 
8031     1088 8 
7363     1087 8 
7795     1086 8 
7581     1087 8 
8013     1086 8 
7775     1089 8 
8207     1085 8 
