8616     1092 8 
9048     1092 8 
8380     1090 8 
8812     1092 8 
8624     1081 8 
8388     1081 8 
8632     1081 8 
8396     1081 8 
8828     1080 8 
8638     1081 8 
9070     1084 8 
7586     1087 8 
7350     1090 8 
7782     1084 8 
7594     1086 8 
7358     1085 8 
7790     1081 8 
7602     1088 8 
8034     1086 8 
7772     1084 8 
8204     1084 8 
7582     1083 8 
8014     1085 8 
8377     1092 8 
8809     1088 8 
8621     1092 8 
8385     1081 8 
8629     1081 8 
9061     1092 9 
8393     1081 8 
8825     1081 8 
8637     1080 8 
9069     1081 8 
8399     1082 8 
8831     1082 8 
7347     1089 8 
7779     1084 8 
7591     1087 8 
7355     1087 8 
7787     1085 8 
8031     1087 8 
7363     1083 8 
7795     1086 8 
7581     1088 8 
8013     1087 8 
7775     1088 8 
8207     1084 8 
