8616     1095 8 
9048     1096 8 
8380     1094 8 
8812     1092 9 
8624     1096 8 
9056     1096 8 
8388     1094 8 
8632     1095 8 
9064     1094 8 
8396     1096 9 
8828     1095 8 
8638     1095 8 
9070     1096 9 
7586     1087 8 
7350     1086 8 
7594     1086 8 
7358     1089 8 
7790     1088 8 
7602     1087 8 
8204     1087 8 
8014     1088 8 
8377     1092 8 
8809     1092 8 
8621     1093 8 
9053     1096 8 
8385     1096 8 
9061     1096 8 
8393     1100 8 
8825     1096 8 
8637     1094 8 
9069     1096 8 
8399     1096 8 
8831     1097 8 
7347     1088 8 
7779     1087 8 
7591     1087 8 
7355     1089 9 
7787     1087 8 
8031     1086 8 
7363     1087 8 
7795     1089 8 
7581     1088 8 
8013     1087 8 
7775     1089 8 
8207     1087 8 
