8616     1068 9 
9048     1068 8 
8380     1066 8 
8812     1068 8 
8624     1068 8 
9056     1072 8 
8388     1069 8 
8632     1053 8 
9064     1068 8 
8396     1071 8 
8828     1068 8 
8638     1068 8 
9070     1055 8 
7586     1060 8 
7350     1059 8 
7782     1061 8 
7594     1059 8 
7358     1058 8 
7790     1059 8 
7602     1062 9 
8034     1063 8 
8204     1057 8 
7582     1061 8 
8014     1059 8 
8377     1067 8 
8809     1067 8 
8621     1067 8 
9053     1068 8 
8385     1072 8 
8629     1055 8 
9061     1068 8 
8393     1054 8 
8825     1068 8 
8637     1068 9 
9069     1068 8 
8399     1053 8 
8831     1054 8 
7347     1061 8 
7779     1059 8 
7591     1060 8 
7355     1059 8 
7787     1061 8 
8031     1060 8 
7363     1063 8 
7795     1060 8 
7581     1059 8 
8013     1060 8 
7775     1059 8 
8207     1059 8 
