8616     1053 8 
9048     1071 8 
8380     1065 8 
8812     1055 8 
8624     1054 8 
9056     1053 8 
8388     1055 8 
8632     1055 8 
9064     1069 8 
8396     1054 8 
8828     1053 8 
8638     1053 8 
9070     1054 8 
7586     1060 9 
7350     1058 8 
7782     1057 8 
7594     1061 8 
7358     1060 8 
7790     1058 8 
7602     1063 8 
8034     1063 8 
8204     1058 8 
7582     1061 8 
8014     1058 8 
8377     1067 8 
8809     1068 8 
8621     1068 8 
9053     1053 8 
8385     1054 8 
8629     1054 8 
9061     1053 8 
8393     1053 8 
8825     1054 8 
8637     1055 8 
9069     1072 8 
8399     1056 8 
8831     1054 8 
7347     1056 8 
7779     1060 8 
7591     1059 8 
7355     1059 8 
7787     1060 8 
8031     1062 9 
7363     1060 8 
7795     1062 8 
7581     1063 8 
8013     1059 8 
7775     1060 8 
8207     1058 8 
