8616     1069 8 
9048     1069 8 
8380     1068 8 
8812     1068 8 
8624     1072 9 
9056     1054 8 
8388     1068 8 
8632     1055 8 
9064     1068 8 
8396     1054 8 
8828     1068 8 
8638     1068 8 
9070     1054 8 
7586     1058 8 
7350     1059 8 
7782     1059 8 
7594     1060 8 
7358     1059 8 
7790     1059 9 
7602     1060 8 
8034     1062 8 
8204     1060 8 
7582     1061 8 
8014     1059 8 
8377     1068 8 
8809     1069 8 
8621     1068 8 
9053     1072 8 
8385     1070 8 
8629     1055 8 
9061     1068 8 
8393     1055 8 
8825     1071 8 
8637     1068 9 
9069     1070 8 
8399     1071 8 
8831     1055 8 
7347     1063 8 
7779     1058 8 
7591     1060 8 
7355     1059 9 
7787     1058 8 
8031     1063 8 
7363     1063 8 
7795     1062 8 
7581     1060 8 
8013     1060 8 
7775     1064 10
8207     1058 8 
