8616     1074 8 
9048     1072 8 
8380     1072 8 
8812     1074 8 
8624     1074 8 
9056     1075 8 
8388     1074 8 
8632     1075 8 
9064     1072 9 
8396     1075 8 
8828     1073 8 
8638     1074 8 
9070     1076 8 
7586     1080 9 
7350     1076 9 
7358     1079 8 
7790     1080 9 
7602     1080 8 
8034     1067 8 
8204     1077 8 
8014     1080 8 
8377     1072 8 
8809     1073 8 
8621     1072 8 
9053     1074 8 
8385     1074 8 
8629     1076 8 
9061     1073 8 
8393     1077 8 
8825     1076 8 
8637     1074 8 
9069     1075 8 
8399     1076 8 
8831     1076 8 
7347     1076 8 
7779     1080 8 
7591     1080 8 
7355     1080 8 
7787     1080 9 
8031     1066 8 
7363     1080 8 
7795     1068 8 
7581     1067 8 
8013     1068 8 
7775     1080 8 
8207     1080 8 
