8616     1067 8 
9048     1066 8 
8380     1065 8 
8812     1064 9 
8624     1066 8 
9056     1067 8 
8388     1065 9 
8632     1068 8 
9064     1063 8 
8396     1068 8 
8828     1066 9 
8638     1063 8 
9070     1068 8 
7586     1056 8 
7350     1059 8 
7594     1057 8 
7358     1072 9 
7790     1057 8 
7602     1057 8 
8034     1057 8 
8204     1071 8 
8014     1059 8 
8377     1064 8 
8809     1063 8 
8621     1063 8 
9053     1066 8 
8385     1067 8 
8629     1068 8 
9061     1065 8 
8393     1069 8 
8825     1068 8 
8637     1064 8 
9069     1068 8 
8399     1067 8 
8831     1070 8 
7347     1061 8 
7591     1057 8 
7355     1072 8 
7787     1058 8 
8031     1058 8 
7795     1059 8 
7581     1059 8 
8013     1059 8 
7775     1071 8 
8207     1072 8 
