8616     1053 8 
9048     1050 8 
8380     1051 8 
8812     1053 8 
8624     1053 8 
9056     1054 8 
8388     1054 8 
8632     1054 8 
9064     1053 8 
8396     1053 8 
8828     1054 8 
8638     1053 8 
9070     1054 8 
7586     1061 8 
7350     1056 8 
7782     1059 8 
7594     1061 8 
7358     1057 8 
7790     1058 8 
7602     1064 8 
8034     1064 8 
8204     1059 8 
7582     1063 9 
8014     1060 8 
8377     1053 8 
8809     1068 9 
8621     1068 9 
9053     1053 8 
8385     1052 8 
8629     1054 8 
9061     1053 8 
8393     1055 8 
8825     1054 8 
8637     1054 8 
9069     1055 8 
8399     1055 8 
8831     1054 8 
7347     1057 9 
7779     1060 9 
7591     1060 8 
7355     1059 8 
7787     1060 8 
8031     1064 8 
7363     1057 8 
7795     1064 8 
7581     1062 8 
8013     1060 9 
7775     1054 8 
8207     1058 8 
