8616     1101 8 
9048     1101 8 
8380     1099 8 
8812     1099 8 
8624     1099 8 
9056     1103 8 
8388     1099 8 
8632     1101 8 
9064     1101 8 
8396     1101 8 
8828     1100 8 
8638     1100 8 
9070     1102 8 
7586     1112 8 
7350     1107 8 
7594     1115 8 
7358     1108 8 
7602     1095 8 
8204     1107 8 
8014     1112 8 
8377     1101 8 
8809     1099 8 
8621     1102 8 
9053     1102 8 
8385     1101 8 
8629     1104 8 
9061     1103 8 
8393     1103 8 
8825     1102 8 
8637     1102 8 
9069     1102 8 
8399     1100 8 
8831     1102 8 
7347     1108 8 
7779     1111 8 
7591     1112 8 
7355     1111 8 
7787     1112 9 
7581     1115 8 
8013     1112 9 
7775     1105 8 
8207     1111 8 
