187036  068
187598  072
187937  075
188590  082
188655  082
189043  084
189846  091
190337  095
190559  097
190749  100
191231  105
191659  109
191734  110
191965  112
192186  115
192848  119
193004  122
193156  123
193243  124
193382  125
193512  127
193590  128
193644  129
193733  130
194055  133
194163  136
194236  137
194328  138
194500  141
194549  142
194738  144
194801  145
194848  145
194941  146
195020  147
195061  148
195169  150
195225  151
195323  152
195406  155
195468  156
195675  159
195781  160
195979  163
196158  164
196280  166
196416  167
196482  169
196872  172
196974  173
197138  176
198254  186
198561  191
198632  192
198861  194
198958  196
199015  197
199031  198
199111  199
199194  200
199388  203
199414  204
199444  205
199664  207
199707  208
199816  210
199840  211
199894  212
200059  214
200287  218
200331  219
200391  220
200482  221
200537  222
200643  223
200704  224
200805  226
200869  227
200965  228
201181  231
201214  232
201297  234
201569  236
201682  238
201736  240
201833  241
201894  242
202019  244
202063  245 
202124	247 
202189	248 
202337	251 
202488	253 
202631	256 
202914	258 
203840	272 
204582	281 
204921	286 
205055	287 
205121	288 
205226	289 
205269	290 
205354	292 
205704	295 
205798	296 
205843	297 
205926	298 
206079	299 
206370	304 
206450	306 
206633	310 
206910	313 
206974	314 
207130	317 
207334	320 
207553	324 
207701	326 
207846	328 
207910	330 
207994	332 
208231	334 
208432	338 
208492	339 
