#Index Mean      RMS
 0    1.041    0.816
 1    0.978    0.679
 2    1.663    0.962
 3    0.850    0.458
 4    1.423    0.804
 5    2.163    1.023
 6    2.353    1.209
 7    2.028    0.790
 8    1.415    0.430
 9    2.211    0.991
10    3.198    2.221
11    1.541    0.464
12    2.484    2.037
13    1.396    1.055
14    2.096    1.187
15    2.141    1.471
16    1.593    0.689
17    1.710    0.872
18    1.993    0.930
19    1.347    0.476
20    1.059    0.336
21    3.743    2.837
22    2.708    1.721
23    3.383    5.188
24    2.196    0.981
25    2.243    0.982
26    0.913    0.375
27    0.605    0.502
28    1.145    0.391
29    0.983    0.341
30    1.025    0.290
31    1.107    0.410
32    1.782    0.664
33    1.449    0.490
34    1.316    0.424
35    0.989    0.319
36    0.740    0.387
37    1.042    0.302
38    1.702    0.636
39    1.202    0.342
40    0.874    0.312
41    0.788    0.350
42    1.002    0.347
43    0.952    0.342
44    2.719    1.650
45    3.846    3.340
46    1.263    0.407
47    0.833    0.352
48    1.124    0.334
49    1.432    0.450
50    1.773    0.763
51    1.923    0.798
52    0.960    0.304
53    0.755    0.376
54    0.936    0.304
55    1.250    0.363
