192165  115	HEM 
192167  115	HEP 
193081  122	HEM   1000 
193082  122	HEP   1000
193162  123	HEM   1000
193164  123	HEP   1000
193256  124	HEM   1000
193261  124	HEP   1000
193387  125	HEM   1000
193388  125	HEP   1000
193637  129	HEM 
193639  129	HEP  
193993  132	HEM   1000
193994  132	HEP   1000
194172  136	HEM  
194173  136	HEP 
194241  137	HEM 
194242  137	HEP 
194339  138	HEM
194344  138	HEP 
194447  140	HEM 
194559  142	HEM
194563  142	HEP
194864  145	HEM
194866  145	HEP
194955  146	HEM 
194957  146	HEP 
194958  146	HEP
195032  147	HEM  
195033  147	HEP  
195071  148	HEM
195072  148	HEP
195128  149	HEM
195129  149	HEP
195178  150	HEM
195182  150	HEP
195231  151	HEM
195232  151	HEP
195339  152	HEM
195342  152	HEP
195417  155	HEM
195418  155	HEP
195475  156	HEM
195477  156	HEP
195697  159	HEM
195703  159	HEP
195792  160	HEM
195793  160	HEP
195987  163	HEM
195988  163	HEP
196172  164	HEM  1000 
196173  164	HEP  1000 
196266  166	HEM  1000 
196267  166	HEP  1000  
196411  167	HEM  1000  
196413  167	HEM  1000
196414  167	HEP  1000 
196478  169	HEM  1000 
196479  169	HEP  1000
196867  172	HEM  1000
196868  172	HEP  1000 
197147  176	HEM  1000 
197148  176	HEM  1000 
197149  176	HEP  1000
197391  178	HEM 
197397  178	HEP 
197513  179	HEM 
197514  179	HEP 
197979  183	HEM  5000
197989  183	HEP  5000
198260  186	HEM   10000
198261  186	HEP   10000
198565  191	HEM   10000
198568  191	HEP   10000
198872  194	HEM   10000
198873  194	HEP   10000
199042  198	HEM   10000 
199061  198	HEP   10000
199389  203	HEM   10000 
199393  203	HEP   10000
199485  205	HEM   10000
199491  205	HEP   10000 
199709  208	HEM 
199712  208	HEP 
199920  212	HEM   10000
199926  212	HEP   10000
200293  218	HEM   10000 
200297  218	HEP   10000
200403  220	HEM 
200404  220	HEP 
200566  222	HEM 
200659  223	HEM 
200661  223	HEP 
200722  224	HEM 
200725  224	HEP 
200822  226	HEM 
200825  226	HEP 
200885  227	HEM 
200896  227	HEP 
201220  232	HEM  
201301  234	HEP  
201754  240	HEM  
201757  240	HEP 
201881  242	HEM 
201887  242	HEP 
202357  251	HEM 
202360  251	HEP 
202428  252	HEM     1000 
202434  252	HEM     1000  
202435  252	HEM    10000 
202436  252	HEP    10000 
202637  256	HEM 
202638  256	HEP 
202920  258	HEM 
202923  258	HEP 
203439  266	HEM    10000 
203440  266	HEP    10000
203866  273	HEM    10000
203869  273	HEP    10000
204255  278	HEM  
204258  278	HEP  
204952  286	HEM 
204954  286	HEP 
205279  290	HEM 
205280  290	HEP 
205811  296	HEM      
205812  296	HEP      
205933  298	HEM      
206418  305	HEM 
206419  305	HEP 
206783  311	HEM 
206785  311	HEP 
207000  314	HEM 
207006  314	HEP 
207154  317	HEM  10000
207156  317	HEP  10000
207583  325	HEM  10000  
207586  325	HEP  10000 
207915  330	HEM  10000 
208060  333	HEM  
208062  333	HEP 
208412  337	HEM 
208413  337	HEP  
