269643  104 HEM 2000
269648  104 HEP 2000
269660  104 HEM 2000
270923  113 HEM 2000
270927  113 HEP 2000
270951  113 HEM 2000
270954  113 HEP 2000
271125  114 HEM 2000
271126  114 HEP 2000
271479  117 HEM
271487  117 HEP
272097  121 HEM 2000
272099  121 HEP 2000
272957  131 HEP 2000
272967  131 HEM 2000
273209  133 HEP 2000
273211  133 HEM 2000
273460  136 HEM 2000
273462  136 HEP 2000
273562  139 HEM 2000
273563  139 HEP 2000
273897  145 HEM 2000
273899  145 HEP 2000
274184  150 HEM 2000
274185  150 HEP 2000
274259  152 HEM 2000
274260  152 HEP 2000
274355  155 HEM 2000
274357  155 HEP 2000
274408  156 HEM 2000
274409  156 HEP 2000
274459  158 HEM 2000
274462  158 HEP 2000
274765  160 HEM 2000
274767  160 HEP 2000
275017  166 HEM 10000
275019  166 HEP 10000
275272  168 HEM 10000
275273  168 HEP 10000
275357  171 HEM 10000
275359  171 HEP 10000
275388  173 HEM 10000
275392  173 HEP 10000
275706  176 HEM 10000
275707  176 HEP 10000
275801  178 HEM 10000
275802  178 HEP 10000
275866  180 HEM 2000
275867  180 HEM 8000
275868  180 HEP 10000
275874  180 HEM 10000
275877  180 HEP 10000
276082  183 HEM 10000
276083  183 HEP 10000
276252  185 HEM 10000
276256  185 HEP 10000
276420  187 HEM 10000
276424  187 HEP 10000
276464  189 HEM 10000
276465  189 HEP 10000
276470  189 HEM 10000
276478  189 HEM 10000
276522  190 HEM 10000
276523  190 HEP 10000
276532  191 HEM 10000
276533  191 HEP 10000
276555  192 HEM 10000
276556  192 HEP 10000
276610  193 HEM 2000
276611  193 HEP 2000
276614  193 HEM 10000
276615  193 HEP 10000
276616  193 HEP 10000
276624  193 HEM 10000
276626  193 HEP 10000
276679  194 HEM 10000
276683  194 HEP 10000
276822  197 HEM 10000
276823  197 HEP 10000
276860  198 HEM 10000
276862  198 HEP 10000
276913  199 HEM 10000
276914  199 HEP 10000
276964  201 HEM 10000
276966  201 HEP 10000
277133  204 HEM 10000
277134  204 HEP 10000
277174  205 HEM 10000
277175  205 HEP 10000
277338  207 HEM 10000
277340  207 HEP 10000
